0.667 0.667 40 0 3 1000 0 1000 0 0 0 0 0 1 1
1 1 576 0 1 0 1 0 1 0 0 0 0 0 0
0.500502 0.510235 40.2889 9.11648 2 976 1 976 1 0 0 0.998997 0 0 0
1 1 52 0 1 2 0 2 0 0 0 0 0.666667 0 0
0.479167 0.566667 157.348 103.047 8 0 6 0 1.14286 0 0 0 0 0 0
0.317327 0.293284 206.675 77.8715 7 1 7 1 1.4 0 0 0 0 0 0
1 1 40 0 1 1 0 1 0 0 0 0.5 0 0 0
0.833333 0.833333 46 6.57267 2 3 0 1.5 0 0 0.166667 0 0 0 0
1 1 40 0 1 1 0 1 0 0 0 0 0 0 0
0.284615 0.339744 168.983 141.889 4 1 2 1 1 0 0 0 0 0 0
0.294872 0.306667 213.18 75.766 4 1 4 1 1.33333 0 0 0 0 0 0
1 1 40 0 1 1 0 1 0 0 0.5 0 0 0 0
1 1 79.5 10.5 1 1 0 1 0 0 0 0 0 0 0
1 1 40 0 1 1 0 1 0 0 0.5 0 0 0 0
1 1 40 0 1 5 0 5 0 0 0.833333 0 0 0 0
1 1 1435.75 269.825 1 1 0 1 0 0 0.00549451 0 0.00549451 0 0
1 0.9 143.111 36.4553 1 2 0 2 0 0 0 0 0 0 0
1 1 40 0 1 1 0 1 0 0 0 0 0 0 0
1 1 652 599.927 1 1 0 1 0 0 0 0 0 0 0
0.167661 0.191058 134.042 75.1281 8 1 9 1 1.28571 0 0 0 0 0 0
0.502838 0.421324 109.611 61.882 2 1 2 1 2 0 0 0 0.142857 0 0
1 1 177 223.488 1 1 0 1 0 0 0 0 0.2 0 0
0.31339 0.265861 200.002 57.1834 4 1 4 1 1.25 0.333333 0 0 0 0 0
0.501256 0.501256 181.817 3.64999 2 0 2 0 1 0 0 0 0 0 0
1 1 40 0 1 1 0 1 0 0 0 0.75 0 0 0
1 1 162 0 1 1 0 1 0 0 0 0 0 0 0
1 1 393 0 1 1 0 1 0 0 0 0 0 0 0
1 1 1500 0 1 1 0 1 0 0 0 0 0 0 0
1 0.569444 58 0 1 3 0 3 0 0 0 0 0 0 0
0.509346 0.664634 158.318 78.3018 2 0 3 0 1.5 0 0 0 0 0 0
1 1 40 0 1 2 0 2 0 0 0 0.666667 0 0 0
1 0.666667 40 0 1 3 0 3 0 0 0 0.4 0 0 0
1 1 40 0 1 1 0 1 0 0 0.5 0 0 0 0
1 1 76 0 2 0 1 0 1 0 0 0 0 0 0
1 0.833333 1208 584 1 2 0 2 0 0 0.166667 0 0 0 0
1 1 83 0 1 1 0 1 0 0 0 0 0 0 0
1 1 56.5 11.5 1 1 0 1 0 0 0 0 0 0 0
0.40625 0.535088 139.738 89.6544 5 0 6 0 1.5 0 0 0 0 0 0
1 1 40 0 1 1 0 1 0 0 0 0 0 0 0
1 1 67 0 1 0 1 0 1 0 0 0 0 0 0
1 1 93 0 1 1 0 1 0 0 0 0 0 0 0
1 1 40 0 1 1 0 1 0 0 0.5 0 0 0 0
0.286275 0.33871 135.342 88.6553 5 1 5 1 1.66667 0 0 0 0 0 0
0.523188 0.364646 227.114 37.1247 2 0 3 0 1.5 0 0 0 0 0 0
1 1 62 0 1 1 0 1 0 0 0 0 0 0 0
1 0.514175 83.1304 30.7158 1 0 2 0 2 0 0 0 0 0 0
1 1 93 0 1 1 0 1 0 0 0 0 0 0 0
0.162545 0.346309 131.025 70.264 7 1 4 1 1.14286 0 0 0.0188679 0 0 0
0.112685 0.028542 63.1423 106.711 17 47 3 4 1 0.00357498 0.00357498 0.285998 0 0 0
1 1 40 0 1 1 0 1 0 0 0 0.5 0 0 0
1 0.503724 1416.08 305.46 1 2 0 2 0 0 0.00369004 0 0.00369004 0 0
1 0 66.9431 9.25632 1 0 0 0 0 0 0 0 0 0 0
1 1 40 0 1 1 0 1 0 0 0.5 0 0 0 0
0.339443 0.502037 152.144 96.5944 3 1 1 1 1 0 0 0 0 0 0
1 1 226.333 239.178 1 1 0 1 0 0 0 0 0.142857 0 0
0.340974 0.238671 244.468 130.807 4 3 3 1.5 1.5 0.125 0.0416667 0 0 0 0
1 1 40 0 1 1 0 1 0 0 0 0.8 0 0 0
1 1 52 0 1 1 0 1 0 0 0.5 0 0 0 0
0.666667 0.533333 399.25 589.94 3 5 0 1.66667 0 0 0.111111 0 0.111111 0 0
0.921147 0.729078 134.054 74.9007 2 0 3 0 1.5 0 0 0 0 0 0
1 1 56.5 11.5 1 1 0 1 0 0 0 0 0 0 0
1 1 177 223.488 1 1 0 1 0 0 0 0 0.2 0 0
0.583333 0.583333 199.714 230.836 2 2 0 1 0 0 0 0.125 0.125 0 0
0.51125 0.471198 126.66 80.0038 2 0 3 0 1.5 0 0 0 0 0 0
1 1 1470 0 1 1 0 1 0 0 0 0 0 0 0
1 1 40 0 1 1 0 1 0 0 0 0 0 0 0
0.178789 0.155887 364.032 88.2131 7 3 5 1.5 1.25 0.285714 0 0 0 0 0
0.500353 1 71.8717 23.3086 2 0 1 0 1 0 0 0 0 0 0
0.400177 0.300133 86.7702 42.315 3 0 4 0 1.33333 0 0 0 0 0 0
1 0.6 1048.83 641.002 1 2 0 2 0 0 0.142857 0 0 0 0
0.50597 0.343465 247.876 24.3082 2 0 3 0 1.5 0 0 0 0 0 0
1 0.555556 603 667.225 1 3 0 3 0 0 0 0 0.166667 0 0
0.5625 1 40 0 4 9 0 2.25 0 0 0 0.9 0 0 0
0.116682 0.10518 297.599 106.638 14 11 5 1 1.66667 0 0 0 0 0 0
1 1 40 0 1 1 0 1 0 0 0.333333 0 0 0 0
1 1 40 0 1 2 0 2 0 0 0 0 0 0 0
1 1 219 0 1 1 0 1 0 0 0 0 0 0 0
1 1 60 0 1 1 0 1 0 0 0 0 0.5 0 0
1 1 40 0 1 1 0 1 0 0 0 0.5 0 0 0
0.370084 0.318429 260.416 58.1725 4 2 3 1 1.5 0 0 0 0 0 0
1 1 1500 0 1 1 0 1 0 0 0 0 0 0 0
0.606557 0.432749 505.716 473.998 2 3 0 1.5 0 0 0.0266667 0 0.0266667 0 0
0.389922 0.379909 213.076 75.5515 3 1 3 1 1.5 0 0 0 0 0 0
1 1 52 0 1 1 0 1 0 0 0 0 0 0 0
1 0.583333 1291.43 510.894 1 2 0 2 0 0 0.125 0 0 0 0
1 1 111.4 114.842 1 1 0 1 0 0 0.166667 0 0.166667 0 0
1 1 1463.86 15.0469 1 1 0 1 0 0 0 0 0 0 0
0.500375 0.109864 45.6108 18.095 2 1000 2 500.5 2 0.993171 0 0 0 0 0
0.463264 0.453788 227.566 83.0544 3 1 3 1 1.5 0.888889 0 0 0 0 0
1 0.530303 220.371 35.0494 1 0 2 0 2 0 0 0 0 0 0
0.255466 0.210742 87.0953 84.6612 6 1 8 1 1.8 0.333333 0 0 0 0 0
1 1 444.105 211.954 1 3 0 3 0 0 0.0517241 0 0.0517241 0 0
1 1 40 0 1 1 0 1 0 0 0 0.5 0 0 0
0.255556 0.314236 103.687 79.449 5 0 4 0 1 0 0 0 0 0 0
1 1 1126.57 542.042 1 1 0 1 0 0 0 0 0 0 0
0.346743 0.274242 223.876 39.7764 3 1 3 1 1.5 0 0 0 0 0 0
0.520551 0.520551 81.3623 18.4078 2 0 2 0 1 0 0 0 0 0 0
1 1 1392.33 109.837 1 1 0 1 0 0 0 0 0 0 0
1 1 40 0 1 2 0 2 0 0 0 0.333333 0 0 0
1 1 57 12 1 2 0 2 0 0 0 0 0 0 0
1 1 40 0 1 1 0 1 0 0 0 0 0 0 0
1 0.666667 40 0 1 3 0 3 0 0 0 0.6 0 0 0
0.75 0.75 40 0 2 2 0 1 0 0 0 0.5 0 0 0
1 0.55 836.364 726.977 1 5 0 5 0 0 0.416667 0 0 0 0
1 0 72 0 1 0 0 0 0 0 0 0 0 0 0
0.508696 0.355623 223.809 34.3505 2 0 3 0 1.5 0 0 0 0 0 0
0.526163 0.366768 227.666 37.82 2 0 3 0 1.5 0 0 0 0 0 0
0.371296 0.30287 207.561 60.1302 3 0 4 0 1.33333 0 0 0 0 0 0
1 1 40 0 1 4 0 4 0 0 0 0 0 0 0
1 1 1500 0 1 1 0 1 0 0 0 0 0 0 0
1 1 40 0 1 2 0 2 0 0 0 0 0 0 0
0.555556 0.444444 99.7 47.9177 2 0 3 0 1.5 0 0 0 0 0 0
0.5 1 87 4.24264 4 0 1 0 1 0 0 0 0 0 0
0.501353 0.501353 143.016 78.0765 2 1 1 1 1 0 0 0 0 0 0
0.52381 0.545455 392.727 902.157 3 1 2 1 2 0 0 0 0 0 0
1 1 1401.76 333.675 1 1 0 1 0 0 0.00182815 0 0.00182815 0 0
0.345805 0.464939 231.879 84.2727 4 1 3 1 1.5 0 0 0 0 0 0
0.501484 0.342452 246.648 26.6802 2 1 2 1 2 0 0 0 0 0 0
0.508324 0.508324 38.3614 23.5025 2 0 2 0 1 0 0 0 0 0 0
1 1 168 221.703 1 1 0 1 0 0 0 0 0.2 0 0
0.272917 0.232934 221.613 51.2527 4 0 5 0 1.66667 0 0 0 0 0 0
1 1 40 0 1 1 0 1 0 0 0 0 0 0 0
0.0671355 0.105093 165.333 83.4986 23 11 3 2.5 1.125 0.982301 0 0 0 0 0
0.142467 0.163179 116.365 87.3815 9 2 7 1.33333 1.4 0.142857 0.047619 0 0 0 0
1 0.507576 226.746 18.3094 1 0 2 0 2 0 0 0 0 0 0
1 1 203.75 188.728 1 1 0 1 0 0 0 0 0.2 0 0
0.50102 0.349715 84.5519 29.9966 2 0 3 0 1.5 0 0 0 0 0 0
1 0.5 868 676.059 1 5 0 5 0 0 0.272727 0 0 0 0
0.52849 0.374747 225.79 42.5285 2 0 3 0 1.5 0 0 0 0 0 0
0.27457 0.329066 193.714 70.7615 4 0 4 0 1.33333 0 0 0 0 0 0
1 1 40 0 1 3 0 3 0 0 0 0.5 0 0 0
1 0.17735 1274.57 400.641 1 18 0 18 0 0 0.0595238 0 0 0 0
1 1 153.667 160.749 1 1 0 1 0 0 0.25 0 0 0 0
1 1 140 0 1 0 1 0 1 0 0 0 0 0 0
1 1 1499.09 36.7174 1 1 0 1 0 0 0.00016 0 0.00016 0 0
1 1 40 0 1 2 0 2 0 0 0.333333 0 0 0 0
0.093 0.207589 174.448 79.7301 16 2 6 1 1.8 0.430769 0.107692 0.230769 0 0 0
0.0579037 0.0367822 392.227 1333.66 33 86 11 2.83871 2 0 0.0507937 0.00634921 0.047619 0 0
0.376572 0.379669 88.0428 38.8625 3 0 3 0 1.5 0 0 0 0 0 0
1 0.973684 311.081 238.549 1 2 0 2 0 0 0.0526316 0 0.0526316 0 0
0.0474722 0.00805789 133.98 199.239 39 102 125 3.77778 5.32 0.00162602 0.0813008 0.00162602 0.0682927 0 0
1 1 97.8 87.6548 1 1 0 1 0 0 0.166667 0 0.166667 0 0
1 1 40 0 1 1 0 1 0 0 0.5 0 0 0 0
0.351275 0.280967 224.495 43.0361 3 1 3 1 1.5 0 0 0 0 0 0
0.394225 0.147003 142.243 21.18 5 2 5 1 2 0 0 0 0 0 0
1 1 40 0 1 1 0 1 0 0 0.5 0 0 0 0
0.253704 0.273594 200.881 80.8692 5 0 6 0 1.5 0 0 0 0 0 0
1 1 40 0 1 1 0 1 0 0 0 0.666667 0 0 0
1 0.666667 785.5 591.471 1 3 0 3 0 0 0 0 0 0 0
1 0.85 100.706 81.2938 1 4 0 4 0 0 0.222222 0 0.222222 0 0
0.528818 0.371834 226.989 40.6002 2 0 3 0 1.5 0 0 0 0 0 0
1 0.438596 1348.76 419.329 1 3 0 3 0 0 0.0384615 0 0.0384615 0 0
0.43186 0.118227 50.2452 32.9616 14 40 4 3.63636 1.33333 0 0.00365736 0.812897 0.0113571 0 0
1 1 101.817 4.27274 1 1 0 1 0 0 0 0 0 0 0
1 0.503623 170 103.487 1 0 2 0 2 0 0 0 0 0 0
0.4 0.5 40 0 5 12 0 2.4 0 0 0 0.157895 0 0 0
0.334934 0.334934 269.796 35.4619 3 0 3 0 1 0 0 0 0 0 0
1 1 216.333 237.656 1 1 0 1 0 0 0 0 0.142857 0 0
0.202559 0.202244 113.328 14.8682 5 1 4 1 1.33333 0 0 0 0 0 0
1 1 40 0 1 1 0 1 0 0 0.5 0 0 0 0
0.514286 0.514286 137.222 16.4336 2 1 1 1 1 0 0 0 0 0 0
0.325075 0.324548 265.834 36.7809 4 0 4 0 1.33333 0 0 0 0 0 0
1 1 1500 0 1 1 0 1 0 0 0 0 0 0 0
0.651862 0.458207 246.09 53.789 2 0 3 0 1.5 0 0 0 0 0 0
0.146398 0.387215 140.198 84.1616 7 1 3 1 1.16667 0 0.2 0 0 0 0
0.390909 0.511905 40 0 5 42 0 8.4 0 0 0.0681818 0.568182 0 0 0
0.555556 1 93.2 88.5221 3 5 0 1.66667 0 0 0.166667 0 0.333333 0 0
1 1 40 0 1 1 0 1 0 0 0 0 0 0 0
0.506667 0.234568 493.026 624.338 2 6 0 3 0 0 0 0 0 0 0
0.356256 0.281722 225.214 43.8236 3 1 3 1 1.5 0 0.2 0 0 0 0
0.516438 0.380808 218.218 48.2771 2 0 3 0 1.5 0 0 0 0 0 0
1 1 52 0 1 3 0 3 0 0 0 0 0.75 0 0
1 1 40 0 1 1 0 1 0 0 0 0 0 0 0
1 1 94 0 1 1 0 1 0 0 0 0 0 0 0
1 1 182 0 1 0 1 0 1 0 0 0 0 0 0
0.253389 0.202711 250.264 25.4063 4 1 4 1 1.33333 0 0 0 0 0 0
1 1 40 0 1 1 0 1 0 0 0 0.8 0 0 0
0.376068 0.538462 81.9318 22.8009 3 0 2 0 1 0 0 0 0 0 0
1 0.573944 97.135 48.7056 1 0 2 0 2 0 0 0 0 0 0
1 1 238.5 89.5 1 0 2 0 2 0 0 0 0 0 0
0.111446 0.508733 311.322 57.9209 14 0 3 0 1.07692 0 0 0 0 0 0
1 1 52 0 1 1 0 1 0 0 0.5 0 0 0 0
1 1 86 0 1 0 1 0 1 0 0 0 0 0 0
0.99801 0.6018 40 0 3 1000 0 1000 0 0 0.999668 0 0 1 1
0.517647 0.0222339 66.7614 61.6096 2 100 2 100 1 0.614108 0.0539419 0.178423 0 0 1
0.504487 0.112332 46.0603 23.1512 2 1000 1 1000 1 0.996016 0 0.00298805 0 0 1
0.503119 0.0164886 30.0964 21.7155 2 0 1000 0 500.5 0 0 0 0 0 1
0.504469 0.112776 42.0994 23.4584 2 1000 1 1000 1 0 0.999008 0 0 0 1
0.5045 0.111999 42.1972 24.0319 2 1000 1 1000 1 0 0 0 0 0 1
0.509761 0.407407 25.2532 36.9526 2 1 2 1 1 0 0 0 0 0 1
0.540179 0.119802 61.2314 64.9715 2 100 1 100 1 0.964602 0 0.0265487 0 0 1
0.504487 0.112332 46.1433 23.6369 2 1000 1 1000 1 0.996016 0 0.00298805 0 0 1
0.846154 0.222222 138.773 125.97 2 10 1 10 1 0.714286 0 0.214286 0 0 1
0 0 189.18032786885246 213.32277615416973 0 0 0 0 0 0 0.16129032258064516 0.12903225806451613 0.1935483870967742 00
0 0 238.75 354.7225147914916 0 0 0 0 0 0 0 0 0.058823529411764705 00
0 0 52 0 0 0 0 0 0 0 0 0 0 00
0 0 52 0 0 0 0 0 0 0 0 0 0 00
0 0 1112.1472868217054 592.752495517523 0 0 0 0 0 0 0.015384615384615385 0.007692307692307693 0.07692307692307693 00
0.99801 0.6018 43.988 0.218434 3 1000 0 1000 0 0.996678 0 0.00299003 0 1 1
1 0.5025 43.9801 0.281436 1 1000 0 1000 0 0.994036 0 0.00497018 0 0.333333 1
0.995722 0.432286 59.881 1.53793 3 1000 0 1000 0 0.993723 0 0.00297324 0 1 1
0.888347 0.133096 59.863 1.65254 22 1000 1 949.048 1 0.993083 0 0.00377747 0 0.95 1
0.967536 0.0146937 46.5279 19.2059 3 1000 3 1000 1 0.945251 0.0130067 0.0284332 0 1 1
1 1 40 0 3 1000 0 1000 0 0 0 0 0 1 1
0.998669 0.7505 28.6332 7.4485 3 0 1000 0 1000 0 0 0 0 1 1
0.667501 0.6665 40 0 3 1000 0 1000 0 0 0.99975 0 0 1 1
1 0.730769 562.105 564.992 1 2 0 2 0 0 0 0 0.1 0 0
1 0.854167 131.049 100.16 1 6 0 6 0 0 0.142857 0.142857 0.142857 0 0
1 0.314286 803.409 705.804 1 5 0 5 0 0 0.173913 0 0.217391 0 0
1 0.55 321.485 458.175 1 6 0 6 0 0 0.176471 0 0.0882353 0 0
1 0.55 107.273 206.104 1 4 0 4 0 0 0.333333 0 0.333333 0 0
1 1 406.25 631.479 1 1 0 1 0 0 0.2 0 0.2 0 0
1 0.414286 614.793 620.678 1 5 0 5 0 0 0.166667 0 0.133333 0 0
1 0.833333 55.2 3.91918 1 4 0 4 0 0 0.363636 0 0.363636 0 0
1 1 444.1 549.867 1 1 0 1 0 0 0.0909091 0 0.0909091 0 0
1 0.625 374.3 502.255 1 2 0 2 0 0 0.0909091 0 0.181818 0 0
1 0.54 485.751 584.592 1 11 0 11 0 0 0.0369128 0 0.0369128 0 0
1 0.428725 1434.02 282.451 1 6 0 6 0 0 0.00749064 0 0.00749064 0 0
1 1 146.5 159.094 1 1 0 1 0 0 0.2 0 0.2 0 0
1 0.738462 587.583 651.89 1 5 0 5 0 0 0.0816327 0 0.102041 0 0
1 1 402.333 421.907 1 1 0 1 0 0 0 0 0 0 0
1 0.317949 813.645 666.891 1 13 0 13 0 0 0.206349 0 0.206349 0 0
1 1 68 0 1 0 1 0 1 0 0 0 0 0 0
1 1 659.889 582.406 1 1 0 1 0 0 0 0 0.1 0 0
1 1 372.667 713.461 1 1 0 1 0 0 0.142857 0 0.142857 0 0
1 1 66.75 21.1822 1 1 0 1 0 0 0.2 0 0.2 0 0
1 0.6 262.667 457.208 1 3 0 3 0 0 0.3 0 0.3 0 0
1 1 48 5.65685 1 1 0 1 0 0 0.25 0.25 0 0 0
1 1 310.1 416.836 1 1 0 1 0 0 0 0 0.0909091 0 0
1 1 48 5.65685 1 1 0 1 0 0 0.25 0.25 0 0 0
1 0.833333 73.4 62.8255 1 2 0 2 0 0 0.166667 0 0.333333 0 0
1 0.180944 1008.29 631.148 1 13 0 13 0 0 0.0288462 0 0.0625 0 0
1 0.55102 942.259 568.116 1 2 0 2 0 0 0.0181818 0 0.0181818 0 0
1 1 605.75 711.051 1 1 0 1 0 0 0.111111 0 0.222222 0 0
1 1 444.1 549.867 1 1 0 1 0 0 0.0909091 0 0.0909091 0 0
1 1 402.5 581.407 1 2 0 2 0 0 0.142857 0 0.285714 0 0
0.833333 0.833333 178 122.474 2 0 2 0 1 0 0 0 0 0 0
1 0.875 121.857 105.771 1 2 0 2 0 0 0.25 0 0.25 0 0
1 1 168.5 90.5 1 0 2 0 2 0 0 0 0 0 0
0.625 0.625 86.6 22.0916 2 0 2 0 1 0 0 0 0 0 0
1 0.269048 741.743 635.879 1 7 0 7 0 0 0.0614035 0.0263158 0 0 0
1 1 660 624.691 1 1 0 1 0 0 0 0 0.111111 0 0
1 0.443152 1194.43 566.953 1 18 0 18 0 0 0.0523256 0 0.0668605 0 0
1 1 212.2 338.432 1 1 0 1 0 0 0.166667 0.166667 0.166667 0 0
1 0.204969 1016.21 662.717 1 23 0 23 0 0 0.0694864 0 0.0694864 0 0
1 0.372549 1182.45 555.301 1 15 0 15 0 0 0.0471204 0 0.0628272 0 0
1 0.22023 1193.21 546.391 1 29 0 29 0 0 0.0541667 0 0.0604167 0 0
1 1 595 762.268 1 1 0 1 0 0 0 0 0.25 0 0
1 0.358333 512.733 543.943 1 3 0 3 0 0 0.0344828 0 0 0 0
1 1 160.75 183.771 1 1 0 1 0 0 0.2 0 0.2 0 0
1 1 565.25 651.918 1 2 0 2 0 0 0.0952381 0 0.0952381 0 0
1 1 940.857 658.407 1 1 0 1 0 0 0 0 0.125 0 0
1 1 563.074 609.678 1 3 0 3 0 0 0.107143 0 0.107143 0 0
1 1 417.75 570.509 1 1 0 1 0 0 0.111111 0 0.111111 0 0
1 1 609.286 644.492 1 1 0 1 0 0 0.125 0 0.125 0 0
1 1 146.5 159.094 1 1 0 1 0 0 0.2 0 0.2 0 0
0.75 0.5 142.167 64.883 2 0 3 0 1.5 0 0 0 0 0 0
1 1 1041.25 594.928 1 1 0 1 0 0 0 0 0.0769231 0 0
1 1 78 0 1 0 1 0 1 0 0 0 0 0 0
1 0.833333 55.2 3.91918 1 2 0 2 0 0 0.333333 0 0.333333 0 0
1 0.717172 479.338 620.898 1 9 0 9 0 0 0.111111 0 0.125 0 0
1 0.419154 1394.22 346.657 1 6 0 6 0 0 0 0 0.0177515 0 0
1 0.95 651.079 635.714 1 4 0 4 0 0 0.102564 0 0.102564 0 0
1 1 80.75 68.2912 1 2 0 2 0 0 0.222222 0 0.222222 0 0
1 0.8 677.5 660.72 1 4 0 4 0 0 0.0606061 0.0606061 0.121212 0 0
1 0.833333 362.5 464.677 1 2 0 2 0 0 0.0909091 0 0.181818 0 0
1 1 260.333 288.989 1 1 0 1 0 0 0.25 0 0.25 0 0
1 1 364.833 405.564 1 1 0 1 0 0 0.142857 0 0 0 0
1 0.791667 150.316 220.153 1 6 0 6 0 0 0.3 0 0.3 0 0
1 0.833333 305.6 495.229 1 2 0 2 0 0 0.166667 0 0.333333 0 0
1 1 354.808 493.983 1 1 0 1 0 0 0.037037 0 0.037037 0 0
1 0.732143 1095.1 506.056 1 2 0 2 0 0 0.0238095 0 0.0238095 0 0
1 1 878.625 634.815 1 1 0 1 0 0 0.111111 0 0 0 0
1 1 622.111 721.714 1 2 0 2 0 0 0.105263 0 0.105263 0 0
0.75 0.75 159.667 77.3103 2 0 2 0 1 0 0 0 0 0 0
1 1 295.8 360.065 1 3 0 3 0 0 0.1875 0 0.1875 0 0
1 1 1374.65 366.06 1 1 0 1 0 0 0 0 0.0555556 0 0
1 0.742857 108.346 88.2705 1 7 0 7 0 0 0.259259 0 0.259259 0 0
1 0.85 749.059 589.67 1 2 0 2 0 0 0 0 0.111111 0 0
1 1 78 0 1 0 1 0 1 0 0 0 0 0 0
1 0.833333 791.2 593.756 1 2 0 2 0 0 0 0 0.333333 0 0
1 0.807018 988.609 621.887 1 3 0 3 0 0 0.0638298 0 0.0638298 0 0
1 1 255 0 1 0 1 0 1 0 0 0 0 0 0
1 0.875 115.429 145.664 1 4 0 4 0 0 0.266667 0 0.266667 0 0
1 1 159 165.471 1 1 0 1 0 0 0.25 0 0.25 0 0
1 0.259427 924.465 678.25 1 17 0 17 0 0 0.0289855 0 0.0434783 0 0
1 1 185.5 249.709 1 1 0 1 0 0 0.2 0 0.2 0 0
1 1 431.045 524.742 1 1 0 1 0 0 0 0 0.0434783 0 0
1 1 56 5.65685 1 2 0 2 0 0 0.285714 0 0.285714 0 0
1 0.44391 1128.23 611.394 1 12 0 12 0 0 0.0215827 0 0.0431655 0 0
1 0.174569 821.049 679.305 1 16 0 16 0 0 0.146341 0 0.195122 0 0
1 1 233.5 306.811 1 2 0 2 0 0 0.285714 0 0.285714 0 0
1 0.216922 1499.2 1864.72 1 101 0 101 0 0 0.207039 0 0.207039 0 0
0.571429 0.571429 76.25 0.661438 2 0 2 0 1 0 0 0 0 0 0
1 1 655.375 629.023 1 2 0 2 0 0 0.117647 0 0.117647 0 0
1 0.255515 1451.34 254.403 1 4 0 4 0 0 0.00956938 0.00478469 0.00956938 0 0
1 1 56 4 1 1 0 1 0 0 0.333333 0 0.333333 0 0
1 1 898.846 582.421 1 1 0 1 0 0 0 0 0.037037 0 0
1 1 229 0 1 0 1 0 1 0 0 0 0 0 0
1 1 1228.88 467.883 1 1 0 1 0 0 0.0384615 0 0.0384615 0 0
1 1 459 407 1 1 0 1 0 0 0 0 0.333333 0 0
1 0.640625 867.61 677.71 1 4 0 4 0 0 0.047619 0.047619 0.0952381 0 0
1 0.75 255.6 482.689 1 4 0 4 0 0 0.25 0 0.25 0 0
1 0.52 648.756 651.07 1 15 0 15 0 0 0.0955414 0 0.0955414 0 0
1 1 52 0 1 1 0 1 0 0 0.5 0 0 0 0
1 0.254545 182.143 289.943 1 5 0 5 0 0 0.0697674 0 0.116279 0 0
1 0.888889 444.125 567.413 1 3 0 3 0 0 0.12 0 0.12 0 0
1 1 447.688 519.241 1 1 0 1 0 0 0.0588235 0 0.0588235 0 0
1 0.507937 368.719 610.687 1 7 0 7 0 0 0.212121 0 0.212121 0 0
1 1 556.154 644.945 1 1 0 1 0 0 0.0714286 0 0.0714286 0 0
1 0.85 462.824 578.084 1 4 0 4 0 0 0.114286 0 0.114286 0 0
1 0.292308 783.621 600.996 1 5 0 5 0 0 0.03125 0 0.0208333 0 0
1 1 661 656.925 1 1 0 1 0 0 0.0769231 0 0.0769231 0 0
1 1 56 4 1 1 0 1 0 0 0.333333 0 0.333333 0 0
1 0.714286 70.3 37.9659 1 2 0 2 0 0 0.181818 0 0.0909091 0 0
1 0.40625 332.731 560.055 1 8 0 8 0 0 0.259259 0 0.296296 0 0
1 1 571 299.645 1 1 0 1 0 0 0.2 0 0 0 0
1 0.888889 597.911 617.545 1 6 0 6 0 0 0 0 0.0310881 0 0
1 0.515873 621.769 643.312 1 6 0 6 0 0 0.0909091 0 0.0909091 0 0
1 1 56 4 1 1 0 1 0 0 0.333333 0 0.333333 0 0
1 1 283.25 395.931 1 1 0 1 0 0 0.2 0 0.2 0 0
1 0.863636 678.211 620.94 1 2 0 2 0 0 0.05 0 0.1 0 0
1 1 479.9 556.027 1 1 0 1 0 0 0.0909091 0 0.0909091 0 0
1 0.925 105.162 82.6744 1 10 0 10 0 0 0.184211 0 0.263158 0 0
1 0.888889 97.2917 84.2197 1 9 0 9 0 0 0.123288 0 0.123288 0 0
1 0.9 74.7778 53.2453 1 2 0 2 0 0 0.2 0 0.4 0 0
1 0.794872 757.71 690.727 1 3 0 3 0 0 0.09375 0 0.09375 0 0
1 1 61.25 16.0215 1 2 0 2 0 0 0.222222 0 0 0 0
1 1 173.364 157.721 1 1 0 1 0 0 0.0833333 0 0 0 0
1 0.625 97.9 127.089 1 4 0 4 0 0 0.363636 0 0.363636 0 0
1 1 488 449.774 1 1 0 1 0 0 0 0 0.2 0 0
1 0.300995 818.12 690.5 1 12 0 12 0 0 0.0658436 0.0493827 0.0493827 0 0
1 0.70339 764.072 597.63 1 2 0 2 0 0 0 0 0.0238095 0 0
1 0.288525 900.386 609.405 1 5 0 5 0 0 0.0449438 0 0.011236 0 0
1 1 562.1 592.839 1 1 0 1 0 0 0.0909091 0 0.0909091 0 0
1 0.182749 704.296 708.501 1 19 0 19 0 0 0.150794 0.0396825 0.150794 0 0
1 0.166852 1167.83 596.579 1 31 0 31 0 0 0.0687361 0 0.0687361 0 0
1 1 52 0 1 2 0 2 0 0 0.666667 0 0 0 0
1 0.5 78.5238 56.0609 1 6 0 6 0 0 0.272727 0 0.227273 0 0
1 0.818182 1085.83 630.444 1 2 0 2 0 0 0 0 0.105263 0 0
1 0.742424 503.939 549.507 1 6 0 6 0 0 0.06 0 0.12 0 0
1 0.174923 740.504 686.777 1 17 0 17 0 0 0.140351 0 0.149123 0 0
1 0.6625 520.019 597.114 1 4 0 4 0 0 0.037037 0 0.0740741 0 0
1 0.636364 495.857 590.495 1 2 0 2 0 0 0 0 0.133333 0 0
1 1 754.625 703.101 1 1 0 1 0 0 0.111111 0 0.111111 0 0
1 1 270.4 350.202 1 4 0 4 0 0 0.190476 0.0952381 0.190476 0 0
1 0.6 878 730.311 1 2 0 2 0 0 0.153846 0 0.153846 0 0
1 0.223837 1309.01 463.112 1 30 0 30 0 0 0.0268166 0 0.0259516 0 0
1 0.370763 1005.42 648.695 1 8 0 8 0 0 0.0454545 0 0.0454545 0 0
1 1 829.75 682.441 1 1 0 1 0 0 0.111111 0 0.111111 0 0
1 1 78 0 1 0 1 0 1 0 0 0 0 0 0
1 1 61.25 16.0215 1 2 0 2 0 0 0.222222 0 0 0 0
1 1 56 4 1 4 0 4 0 0 0.444444 0 0.444444 0 0
1 0.191386 1322.18 444.415 1 31 0 31 0 0 0.0291627 0 0.0291627 0 0
1 0.495614 657.478 597.831 1 3 0 3 0 0 0.00877193 0 0.0263158 0 0
1 0.8 841.812 665.443 1 2 0 2 0 0 0.0588235 0 0.117647 0 0
1 1 192.253 322.401 1 15 0 15 0 0 0.197368 0 0.197368 0 0
1 1 386 609.589 1 2 0 2 0 0 0.133333 0 0.133333 0 0
1 1 127.5 126.193 1 1 0 1 0 0 0.2 0 0.2 0 0
1 0.916667 324.727 440.485 1 3 0 3 0 0 0.166667 0 0.25 0 0
1 0.916667 815.273 705.206 1 2 0 2 0 0 0.0869565 0 0.0869565 0 0
1 0.916667 405.364 644.464 1 2 0 2 0 0 0.166667 0 0.166667 0 0
1 1 73.125 23.3476 1 2 0 2 0 0 0.111111 0 0.222222 0 0
1 0.253846 1026.81 654.918 1 6 0 6 0 0 0.04 0 0.05 0 0
0.509091 0.509091 82.4643 33.108 2 0 2 0 1 0 0 0 0 0 0
1 0.5625 605.333 609.352 1 2 0 2 0 0 0 0 0.2 0 0
1 0.683333 1343.71 452.198 1 2 0 2 0 0 0 0 0.047619 0 0
1 0.666667 365.417 485.984 1 2 0 2 0 0 0.0769231 0 0.0769231 0 0
1 1 850.571 700.947 1 6 0 6 0 0 0 0.139535 0.139535 0 0
1 0.485714 204.765 374.709 1 5 0 5 0 0 0.222222 0 0.166667 0 0
1 0.4375 721.088 733.694 1 13 0 13 0 0 0.141304 0 0.195652 0 0
1 1 785.55 590.981 1 1 0 1 0 0 0 0 0.047619 0 0
1 1 431.6 575.652 1 1 0 1 0 0 0.0909091 0 0.0909091 0 0
1 0.183442 1055.46 652.159 1 14 0 14 0 0 0.0440529 0 0.0572687 0 0
1 1 114 0 1 0 1 0 1 0 0 0 0 0 0
1 1 138.667 116.954 1 1 0 1 0 0 0.25 0 0.25 0 0
1 0.306306 1045.56 669.854 1 9 0 9 0 0 0.0873786 0 0.0873786 0 0
1 0.252187 773.15 569.098 1 7 0 7 0 0 0.0172911 0 0.00288184 0 0
1 1 40 0 1 1 0 1 0 0 0.5 0 0 0 0
1 1 580.917 601.556 1 1 0 1 0 0 0.0769231 0 0.0769231 0 0
1 1 121 21 1 0 1 0 1 0 0 0 0 0 0
1 0.725 821.862 603.151 1 2 0 2 0 0 0.0666667 0 0.0333333 0 0
1 1 1407.82 346.053 1 1 0 1 0 0 0.0163934 0 0.0163934 0 0
1 1 137.6 167.229 1 1 0 1 0 0 0.166667 0 0.166667 0 0
1 0.282051 472.545 559.632 1 6 0 6 0 0 0.0888889 0.0888889 0.0444444 0 0
1 1 127.5 126.193 1 1 0 1 0 0 0.2 0 0.2 0 0
1 0.350877 848.721 645.44 1 36 0 36 0 0 0.043659 0.016632 0.0582121 0 0
1 0.8375 496.119 598.743 1 8 0 8 0 0 0.117647 0 0.117647 0 0
1 0.7 575.857 637.246 1 2 0 2 0 0 0.125 0 0.25 0 0
1 1 1034.46 533.685 1 1 0 1 0 0 0.00862069 0 0 0 0
1 0.9 290.5 449.007 1 2 0 2 0 0 0.105263 0 0.105263 0 0
1 1 229 0 1 0 1 0 1 0 0 0 0 0 0
1 0.55 431.545 615.266 1 4 0 4 0 0 0.25 0 0.333333 0 0
1 1 1271.76 482.957 1 1 0 1 0 0 0 0 0.0454545 0 0
1 0.219316 845.963 627.096 1 7 0 7 0 0 0.0454545 0 0.0545455 0 0
1 1 1387.6 354.384 1 1 0 1 0 0 0 0 0.00724638 0 0
1 0.0905923 1159.09 559.008 1 14 0 14 0 0 0.0536398 0.0383142 0.00383142 0 0
1 1 497.333 624.148 1 1 0 1 0 0 0 0 0.25 0 0
1 0.7 124.857 110.187 1 2 0 2 0 0 0.25 0 0.25 0 0
1 0.23186 1069.24 620.485 1 13 0 13 0 0 0.0539906 0.0211268 0.0305164 0 0
1 0.546667 846.439 676.114 1 3 0 3 0 0 0.0714286 0 0.0714286 0 0
1 1 97.4211 26.6366 1 0 19 0 19 0 0 0 0 0 0
1 1 460 651.476 1 1 0 1 0 0 0.0833333 0 0.0833333 0 0
1 1 59.6667 10.8423 1 1 0 1 0 0 0.25 0 0 0 0
1 1 175 242.02 1 1 0 1 0 0 0.166667 0 0.166667 0 0
1 0.235556 1240.91 522.453 1 24 0 24 0 0 0.04 0 0.0564706 0 0
1 0.8125 129.308 171.165 1 4 0 4 0 0 0.285714 0 0.285714 0 0
1 1 748.1 559.534 1 1 0 1 0 0 0.0909091 0 0 0 0
1 1 52 0 1 2 0 2 0 0 0.4 0 0 0 0
1 1 184.8 259.642 1 1 0 1 0 0 0.166667 0 0.166667 0 0
1 0.5 815.021 668.201 1 6 0 6 0 0 0.0408163 0.0612245 0.122449 0 0
1 1 1374.65 366.06 1 2 0 2 0 0 0 0 0.0571429 0 0
1 0.568841 638.242 640.379 1 12 0 12 0 0 0.0759494 0 0.0759494 0 0
1 0.966667 565.517 602.684 1 3 0 3 0 0 0.1 0 0.1 0 0
1 0.758824 409.202 568.887 1 10 0 10 0 0 0.0769231 0 0.0769231 0 0
1 0.391026 975.044 681.956 1 12 0 12 0 0 0.0652174 0 0.119565 0 0
1 1 885.69 550.434 1 1 0 1 0 0 0.0232558 0 0 0 0
1 1 143.333 137.302 1 1 0 1 0 0 0.142857 0 0.142857 0 0
1 0.7 415.143 549.858 1 2 0 2 0 0 0.0666667 0.0666667 0.133333 0 0
1 1 52 0 1 1 0 1 0 0 0.2 0 0 0 0
1 0.434211 983.081 643.586 1 6 0 6 0 0 0.04 0 0.06 0 0
0.75 0.666667 186.5 113.407 2 0 3 0 1.5 0 0 0 0 0 0
1 0.632653 69.6774 42.9301 1 7 0 7 0 0 0.21875 0 0.125 0 0
1 0.666667 101.25 121.289 1 3 0 3 0 0 0.333333 0 0.333333 0 0
1 0.711111 408.125 519.497 1 5 0 5 0 0 0.151515 0 0.151515 0 0
1 0.64 364.542 536.543 1 15 0 15 0 0 0.469388 0 0.306122 0 0
1 0.925926 551.36 585.594 1 3 0 3 0 0 0.0769231 0 0.115385 0 0
1 0.299353 1097.27 616.868 1 12 0 12 0 0 0.0161725 0 0.032345 0 0
1 1 259 353.931 1 1 0 1 0 0 0.2 0 0.2 0 0
1 1 248.667 272.491 1 1 0 1 0 0 0.25 0 0.25 0 0
1 1 229 0 1 0 1 0 1 0 0 0 0 0 0
1 1 52 0 1 1 0 1 0 0 0.2 0 0 0 0
1 1 91.2 74.4645 1 1 0 1 0 0 0.166667 0 0.166667 0 0
1 0.636364 1144.33 544.43 1 3 0 3 0 0 0 0 0.0697674 0 0
1 0.611111 830 682.344 1 2 0 2 0 0 0.166667 0 0.166667 0 0
1 0.555556 742.7 681.54 1 3 0 3 0 0 0.0645161 0 0.0645161 0 0
1 1 507 652.442 1 1 0 1 0 0 0.0909091 0 0.0909091 0 0
0.75 0.75 295 46.669 2 0 2 0 1 0 0 0 0 0 0
1 1 85 52.6403 1 1 0 1 0 0 0.2 0 0.2 0 0
1 1 454.333 399.687 1 1 0 1 0 0 0.142857 0 0.142857 0 0
1 1 388.714 616.034 1 2 0 2 0 0 0.133333 0 0.133333 0 0
1 1 71.6364 7.12579 1 0 11 0 11 0 0 0 0 0 0
1 0.85 574.765 688.674 1 2 0 2 0 0 0.0555556 0 0.0555556 0 0
1 1 40 0 1 2 0 2 0 0 0.285714 0 0 0 0
1 0.330357 839.459 600.44 1 4 0 4 0 0 0 0 0.0533333 0 0
1 0.944444 507.059 593.174 1 6 0 6 0 0 0.115385 0 0.115385 0 0
1 0.583333 861.959 717.623 1 4 0 4 0 0 0.06 0 0.08 0 0
1 1 48 5.65685 1 2 0 2 0 0 0.285714 0.285714 0 0 0
1 0.8 104.917 87.2959 1 6 0 6 0 0 0.24 0 0.24 0 0
1 1 1413.38 429.207 1 1 0 1 0 0 0.0163934 0 0 0 0
1 0.343816 873.524 610.064 1 9 0 9 0 0 0.030303 0.0181818 0.0363636 0 0
1 0.132989 1167.85 588.487 1 32 0 32 0 0 0.0564374 0 0.0599647 0 0
1 0.369048 335.194 483.832 1 12 0 12 0 0 0.142857 0 0.142857 0 0
1 0.650794 394.89 551.009 1 6 0 6 0 0 0.060241 0 0.0722892 0 0
1 0.37406 1038.07 666.787 1 19 0 19 0 0 0.095 0 0.095 0 0
1 0.540541 973.938 592.381 1 2 0 2 0 0 0.0246914 0 0 0 0
1 0.833333 164.4 70.8169 1 0 2 0 2 0 0 0 0 0 0
1 0.753846 115.551 109.258 1 13 0 13 0 0 0.26 0 0.26 0 0
1 0.96 511.875 682.193 1 5 0 5 0 0 0.204082 0.102041 0.163265 0 0
1 0.75 505.667 623.479 1 6 0 6 0 0 0.0625 0 0.078125 0 0
1 0.925926 129.16 175.85 1 3 0 3 0 0 0.115385 0 0.115385 0 0
1 0.962963 620.731 649.526 1 3 0 3 0 0 0.111111 0 0.111111 0 0
1 0.6 266.513 445.717 1 13 0 13 0 0 0.475 0 0.325 0 0
1 0.65625 1020.98 668.359 1 4 0 4 0 0 0.0930233 0 0.0930233 0 0
1 0.4 799.206 642.103 1 5 0 5 0 0 0.142857 0 0.114286 0 0
1 1 401 518.618 1 3 0 3 0 0 0.5625 0 0.1875 0 0
1 1 201.375 308.129 1 2 0 2 0 0 0.222222 0 0.222222 0 0
1 0.875 541.086 611.32 1 8 0 8 0 0 0.112676 0 0.112676 0 0
1 1 66.75 21.1822 1 1 0 1 0 0 0.2 0 0.2 0 0
1 0.7 363.286 515.696 1 5 0 5 0 0 0.172414 0 0.172414 0 0
1 1 214 275.993 1 1 0 1 0 0 0.2 0 0.2 0 0
1 0.577778 1179.77 576.927 1 4 0 4 0 0 0.0285714 0 0.0285714 0 0
1 0.75 116.333 136.745 1 2 0 2 0 0 0.285714 0 0.285714 0 0
1 1 494 633.587 1 1 0 1 0 0 0 0 0.25 0 0
1 1 235.333 8.05536 1 0 1 0 1 0 0 0 0 0 0
1 1 484 586.084 1 1 0 1 0 0 0.166667 0 0.166667 0 0
1 0.75 227.222 201.448 1 3 0 3 0 0 0.2 0 0.3 0 0
1 1 66.75 21.1822 1 1 0 1 0 0 0.2 0 0.2 0 0
1 0.8 692.125 658.778 1 2 0 2 0 0 0.111111 0 0.111111 0 0
1 1 450.991 580.794 1 19 0 19 0 0 0.165217 0 0.165217 0 0
1 1 743.833 692.421 1 1 0 1 0 0 0.142857 0 0.142857 0 0
1 1 271 0 1 0 1 0 1 0 0 0 0 0 0
1 0.56 242.143 302.893 1 10 0 10 0 0 0.344828 0 0.344828 0 0
1 1 346.6 373.88 1 2 0 2 0 0 0.181818 0 0.181818 0 0
1 0.8 377.083 581.039 1 5 0 5 0 0 0.153846 0 0.307692 0 0
1 1 700.5 686.198 1 2 0 2 0 0 0 0 0.105263 0 0
1 0.795918 590.462 637.605 1 7 0 7 0 0 0.15 0.025 0.175 0 0
1 1 287 402.426 1 2 0 2 0 0 0.222222 0 0.222222 0 0
1 1 647.75 619.763 1 1 0 1 0 0 0.2 0 0.2 0 0
1 1 40 0 1 1 0 1 0 0 0.333333 0 0 0 0
1 0.727273 709.812 665.005 1 2 0 2 0 0 0.117647 0 0.117647 0 0
1 0.625 117.4 90.1687 1 8 0 8 0 0 0.307692 0 0.307692 0 0
1 0.279412 1254.77 529.582 1 4 0 4 0 0 0.0689655 0 0.0689655 0 0
0.500633 0.342647 150.878 89.8119 2 0 1539 0 769.5 0 0 0 0 0 0
1 0.515909 1283.3 438.042 1 2 0 2 0 0 0.00438596 0 0.00877193 0 0
1 1 359.4 373.235 1 2 0 2 0 0 0.181818 0 0.181818 0 0
1 0.55 1293.57 506.072 1 4 0 4 0 0 0.0449438 0 0.0449438 0 0
1 1 56 4 1 3 0 3 0 0 0.428571 0 0.428571 0 0
1 0.944444 410.235 619.468 1 3 0 3 0 0 0.166667 0 0.166667 0 0
1 0.611111 830 682.344 1 2 0 2 0 0 0.166667 0 0.166667 0 0
1 0.822581 313.843 530.039 1 31 0 31 0 0 0.495146 0 0.300971 0 0
1 1 366.525 497.856 1 1 0 1 0 0 0.0243902 0 0.0243902 0 0
1 0.244152 1108.2 622.149 1 12 0 12 0 0 0.0595238 0 0.0654762 0 0
1 1 61.25 16.0215 1 1 0 1 0 0 0.2 0 0 0 0
1 0.483333 714.613 632.527 1 12 0 12 0 0 0.0229008 0 0.0458015 0 0
1 0.791667 686.632 690.813 1 3 0 3 0 0 0.15 0 0 0 0
1 0.50641 79.9114 16.881 1 0 2 0 2 0 0 0 0 0 0
1 1 902.9 697.42 1 2 0 2 0 0 0.0952381 0.0952381 0.0952381 0 0
1 0.95 618.158 590.967 1 2 0 2 0 0 0.1 0 0.1 0 0
1 0.451429 344.759 550.571 1 7 0 7 0 0 0.0875 0 0.0875 0 0
1 0.7 151.714 262.294 1 2 0 2 0 0 0.25 0 0.25 0 0
1 0.8 391 539.977 1 5 0 5 0 0 0.12 0 0.16 0 0
1 1 123.25 118.835 1 1 0 1 0 0 0.2 0 0.2 0 0
1 0.428571 548 356.218 1 3 0 3 0 0 0.1 0 0.2 0 0
1 0.571429 1231.83 547.163 1 2 0 2 0 0 0 0 0.08 0 0
1 0.631579 717.208 703.628 1 8 0 8 0 0 0.0721649 0 0.0721649 0 0
1 1 54.6667 3.77124 1 1 0 1 0 0 0.25 0 0.25 0 0
1 1 1438.76 266.734 1 1 0 1 0 0 0.0075188 0 0.0075188 0 0
1 1 977.4 758.996 1 2 0 2 0 0 0 0 0.181818 0 0
1 0.755556 277.824 426.44 1 5 0 5 0 0 0.114286 0 0.2 0 0
1 1 208.2 330.433 1 1 0 1 0 0 0.166667 0 0.166667 0 0
1 0.8125 592.846 644.967 1 2 0 2 0 0 0.142857 0 0.142857 0 0
1 1 248 0 1 0 1 0 1 0 0 0 0 0 0
1 1 426.2 559.532 1 1 0 1 0 0 0.0909091 0 0.0909091 0 0
1 1 288 238.16 1 1 0 1 0 0 0 0 0.2 0 0
1 0.8125 252.718 412.394 1 4 0 4 0 0 0.1 0 0.1 0 0
1 0.313208 799.663 607.826 1 5 0 5 0 0 0.0595238 0 0.0595238 0 0
1 1 1367.54 370.774 1 1 0 1 0 0 0.0344828 0 0 0 0
1 0.301266 1178.27 622.235 1 5 0 5 0 0 0 0 0.0416667 0 0
1 1 48 5.65685 1 3 0 3 0 0 0.3 0.3 0 0 0
1 1 1101.11 599.175 1 1 0 1 0 0 0 0 0.1 0 0
1 0.422078 254.492 477.08 1 11 0 11 0 0 0.166667 0 0.166667 0 0
1 1 466.25 601.923 1 1 0 1 0 0 0.2 0 0.2 0 0
0.512821 0.512821 84.25 39.0312 2 0 2 0 1 0 0 0 0 0 0
1 0.380105 1362.43 399.401 1 20 0 20 0 0 0.0123882 0 0.0185822 0 0
1 1 680.833 648.949 1 1 0 1 0 0 0.0769231 0 0.0769231 0 0
1 1 558.806 612.135 1 8 0 8 0 0 0.109589 0 0.109589 0 0
1 0.313433 1249.88 538.336 1 5 0 5 0 0 0.0471698 0 0.0471698 0 0
1 0.933333 623.964 627.545 1 3 0 3 0 0 0.103448 0 0.103448 0 0
1 0.878788 342.172 512.848 1 3 0 3 0 0 0.1 0 0.1 0 0
1 1 52 0 1 1 0 1 0 0 0.5 0 0 0 0
1 0.911111 588.829 633.075 1 5 0 5 0 0 0.0714286 0 0.119048 0 0
1 1 739.2 640.24 1 1 0 1 0 0 0.0909091 0 0.0909091 0 0
1 0.875 192.371 341.902 1 4 0 4 0 0 0.111111 0 0.111111 0 0
1 0.777778 651.214 621.788 1 3 0 3 0 0 0.0344828 0 0.103448 0 0
1 1 52 0 1 1 0 1 0 0 0.25 0 0 0 0
1 1 82.7667 57.9256 1 6 0 6 0 0 0.193548 0 0.193548 0 0
1 0.46 374.5 497.271 1 10 0 10 0 0 0.0967742 0 0.0967742 0 0
1 0.969697 1264.73 534.048 1 2 0 2 0 0 0.0307692 0 0.0307692 0 0
1 1 412 420.023 1 2 0 2 0 0 0 0 0.0869565 0 0
1 1 754.625 703.101 1 3 0 3 0 0 0.12 0 0.12 0 0
0.0461617 0.403925 133.218 231.742 353 4 1 1.05158 1 0.0682748 0.0593532 0.0111933 0 0 0
1 0.933333 880.167 672.469 1 3 0 3 0 0 0.0697674 0 0.0697674 0 0
1 0.673077 598.086 562.327 1 2 0 2 0 0 0.0555556 0 0 0 0
1 1 170 232.021 1 1 0 1 0 0 0.166667 0 0.166667 0 0
1 1 1347.1 350.346 1 1 0 1 0 0 0 0 0.03125 0 0
1 1 316 261.474 1 1 0 1 0 0 0 0 0.2 0 0
1 0.791667 206 449.04 1 6 0 6 0 0 0.1 0.2 0.3 0 0
1 1 175.667 189.04 1 1 0 1 0 0 0.25 0 0.25 0 0
1 0.451852 803.598 657.394 1 6 0 6 0 0 0.0487805 0 0.0487805 0 0
1 0.5 610.4 662.233 1 4 0 4 0 0 0.0645161 0 0.0967742 0 0
1 0.777778 186.143 227.296 1 3 0 3 0 0 0.25 0 0.375 0 0
1 0.85 950.078 667.612 1 2 0 2 0 0 0 0 0.0384615 0 0
1 0.833333 162.4 131.978 1 6 0 6 0 0 0.193548 0 0.193548 0 0
1 0.129714 1182.17 573.903 1 10 0 10 0 0 0.0350877 0.00877193 0.0394737 0 0
1 0.888889 228.344 255.561 1 12 0 12 0 0 0.184615 0 0.184615 0 0
1 1 631.333 646.387 1 2 0 2 0 0 0.153846 0 0.153846 0 0
1 1 632.182 657.87 1 2 0 2 0 0 0.0869565 0 0.0869565 0 0
1 1 623.5 646.713 1 1 0 1 0 0 0.142857 0 0.142857 0 0
1 0.571429 773.5 719.555 1 2 0 2 0 0 0.222222 0 0.111111 0 0
1 0.333333 535.812 596.332 1 17 0 17 0 0 0.197674 0 0.197674 0 0
1 1 723.5 668.683 1 5 0 5 0 0 0.121951 0 0.121951 0 0
1 0.833333 153.7 171.069 1 3 0 3 0 0 0.272727 0 0.272727 0 0
1 0.75 387 490.463 1 4 0 4 0 0 0.2 0 0.4 0 0
1 0.9375 403.267 559.538 1 4 0 4 0 0 0.25 0 0.25 0 0
1 1 578 619.915 1 1 0 1 0 0 0.125 0 0.125 0 0
1 1 225.3 342.614 1 2 0 2 0 0 0.181818 0 0.181818 0 0
1 0.246479 843.629 621.641 1 6 0 6 0 0 0.00943396 0 0.0566038 0 0
1 0.380952 794.386 615.918 1 21 0 21 0 0 0.112994 0 0.118644 0 0
1 0.666667 632.042 722.935 1 3 0 3 0 0 0.08 0 0.12 0 0
1 0.578947 669.784 638.567 1 8 0 8 0 0 0.0898876 0 0.0898876 0 0
1 0.16773 1101.6 564.743 1 41 0 41 0 0 0.0915179 0 0.0915179 0 0
1 1 233.75 477.849 1 1 0 1 0 0 0 0.111111 0.111111 0 0
1 1 64.3333 17.442 1 1 0 1 0 0 0.25 0 0 0 0
